image: formation_control.pgm
resolution: 0.020000
origin: [-26.640000, -21.520000, 0.000000]
negate: 0
occupied_thresh: 0.65
free_thresh: 0.196

